145 30
29 52
34 43
66 129
7 113
137 122
24 28
7 158
8 101
93 69
79 10
98 118
118 44
83 7
114 3
67 105
12 90
118 15
31 124
79 62
96 43
118 13
80 58
121 69
17 37
170 76
80 42
46 117
13 137
10 27
172 3
128 1
40 60
157 83
145 170
71 62
168 28
149 67
121 64
60 68
43 1
169 83
147 68
141 53
140 79
114 151
110 170
169 36
21 88
163 130
120 73
27 59
107 40
75 64
126 166
108 53
57 122
112 68
91 170
95 49
22 48
166 74
60 21
12 164
115 77
25 168
34 165
22 93
41 63
2 159
107 104
123 41
49 159
71 122
38 29
50 47
168 99
76 86
16 28
166 109
98 82
7 106
162 33
82 83
7 56
173 171
44 157
107 118
110 67
93 38
155 129
20 141
151 141
48 96
81 117
77 112
70 173
130 53
143 23
106 98
40 83
44 2
87 161
65 156
172 39
80 79
54 71
69 91
168 76
27 14
19 165
137 140
84 111
22 17
82 17
156 146
148 63
11 160
150 58
73 159
4 62
104 32
86 101
33 119
127 172
109 154
119 19
60 24
11 129
82 122
119 91
88 128
14 54
23 88
53 34
2 125
64 166
66 88
117 127
20 65
29 56
156 124
43 158
13 49
105 148
146 116
113 95
60 116
153 1
154 154
54 105
44 20
61 3
139 143
61 30
129 5
52 108
40 39
151 45
12 94
116 139
146 92
153 99
21 42
5 39
19 46
116 67
25 21
99 95
61 100
69 83
61 124
145 91
149 16
69 129
137 118
51 142
50 158
113 163
74 113
90 112
52 60
140 114
147 127
52 142
24 66
146 152
145 8
101 35
7 122
142 41
33 172
71 50
19 29
80 52
151 25
124 125
28 115
47 89
33 8
148 121
165 84
69 7
147 84
82 138
26 89
121 172
6 157
37 77
39 80
23 27
148 1
45 121
164 137
102 83
108 74
109 27
51 122
13 167
120 44
162 3
93 57
114 36
147 10
88 130
107 156
74 142
10 126
103 67
88 11
80 55
11 126
76 114
157 12
113 34
38 57
119 114
100 67
173 35
8 96
103 105
130 130
52 151
6 53
122 99
169 88
28 128
172 145
18 52
121 123
16 97
125 162
149 130
43 158
162 36
141 141
61 163
18 98
47 37
13 112
92 121
141 53
57 155
21 55
117 16
159 49
76 29
44 138
60 100
169 165
7 106
29 161
149 76
160 29
2 42
39 60
39 102
130 33
12 5
152 44
31 144
90 96
54 17
137 4
80 68
153 90
10 29
22 75
123 79
112 57
88 107
53 158
65 161
1 34
27 92
159 54
160 147
37 99
108 95
39 11
19 32
17 57
115 95
93 18
148 27
31 86
31 114
36 104
22 37
86 143
75 86
107 121
14 31
6 37
160 122
82 87
13 161
73 118
62 139
86 20
58 157
110 63
149 12
157 162
39 10
19 22
173 88
145 114
142 125
148 88
11 90
159 26
166 100
118 103
100 74
20 9
130 67
110 117
64 114
76 141
54 75
91 48
15 54
20 87
94 92
48 39
85 91
6 18
11 47
102 87
88 83
87 45
90 32
128 71
27 32
57 35
156 168
89 98
96 148
73 25
125 145
42 172
51 75
149 100
117 172
169 22
8 80
92 93
160 144
31 95
15 39
164 160
2 32
165 27
107 97
101 67
13 125
162 70
152 156
31 106
86 26
56 171
98 1
123 158
37 120
56 147
143 3
155 25
160 11
38 24
151 125
152 42
157 97
169 119
62 106
120 85
50 45
18 44
8 166
148 149
7 88
149 11
67 29
169 138
22 4
29 125
79 173
165 127
151 95
55 116
67 119
101 54
153 126
58 36
102 52
119 20
62 154
56 90
10 18
89 128
62 34
105 90
172 98
77 73
24 78
122 166
10 157
119 95
51 8
140 74
51 65
62 86
65 138
113 9
55 157
122 143
91 115
18 11
41 98
147 84
65 44
129 109
56 23
102 122
12 120
9 82
149 140
163 47
70 168
60 102
55 122
21 93
122 168
27 103
113 168
21 24
30 44
169 67
172 15
159 83
171 23
76 67
6 87
14 58
35 69
30 64
11 6
123 80
108 141
14 99
